36,36,36,36,36,36,36,36,36,36,36,36,36,36,36,63,36,36,36,36,36,36,36,36,36,36,36,36,36,36,
0,0,0,0,0,0,0,0,0,0,0,0,0,0,0,35,0,0,0,0,0,0,0,0,0,0,0,0,0,0,
0,0,0,0,0,0,0,0,0,0,0,0,0,0,0,35,0,0,0,0,0,0,0,0,0,0,0,0,0,0,
0,0,0,0,0,0,0,0,66,0,0,0,0,0,0,35,0,0,0,0,0,0,66,0,0,0,0,0,0,0,
0,0,0,0,0,0,0,0,0,0,43,0,0,0,0,35,0,0,0,0,43,0,0,0,0,0,0,0,0,0,
0,0,0,0,0,0,0,0,0,0,35,0,66,0,0,35,0,0,66,0,35,0,0,0,0,0,0,0,0,0,
0,0,0,0,0,0,0,66,0,0,35,0,0,0,0,35,0,0,0,0,35,0,0,66,0,0,0,0,0,0,
0,0,0,0,0,0,0,0,0,0,35,0,0,0,0,35,0,0,0,0,35,0,0,0,0,0,0,0,0,0,
0,0,0,0,0,0,0,0,0,0,35,0,0,66,0,35,0,66,0,0,35,0,0,0,0,0,0,0,0,0,
0,0,0,0,0,0,66,0,0,0,35,0,0,0,0,35,0,0,0,0,35,0,0,0,66,0,0,0,0,0,
0,0,0,0,0,0,0,0,0,0,35,0,0,0,0,35,0,0,0,0,35,0,0,0,0,0,0,0,0,0,
0,0,0,0,0,0,0,0,0,0,35,0,66,0,0,35,0,0,66,0,35,0,0,0,0,0,0,0,0,0,
0,0,0,0,53,54,0,0,0,0,35,0,0,0,0,44,0,0,0,0,35,0,0,0,0,53,54,0,0,0,
0,0,0,0,55,56,0,0,0,0,35,0,0,0,0,0,0,0,0,0,35,0,0,0,0,55,56,0,0,0,
0,0,0,0,0,0,0,0,0,0,35,0,0,66,0,0,0,66,0,0,35,0,0,0,0,0,0,0,0,0,
0,0,0,0,0,0,0,0,0,0,35,0,0,0,0,0,0,0,0,0,35,0,0,0,0,0,0,0,0,0,
36,36,36,36,36,36,36,36,36,36,64,36,36,36,36,36,36,36,36,36,64,36,36,36,36,36,36,36,36,36,
12
100
960
896
101
256
640
101
1664
640
101
768
512
101
1152
512
100
640
128
100
1280
128
103
832
576
103
1088
576
104
960
960
103
1600
896
103
320
896
