36,36,36,36,36,50,65,65,65,65,65,65,65,65,65,65,65,65,65,65,49,36,36,36,36,36,36,36,36,36,
0,0,0,0,0,46,65,65,65,65,65,65,65,65,65,65,65,65,65,65,48,0,0,0,0,0,0,0,0,0,
0,0,0,0,0,55,47,50,65,65,65,65,65,65,65,65,65,49,47,47,56,0,0,0,0,0,0,0,0,0,
0,0,0,0,0,0,0,55,47,50,65,65,65,65,49,47,47,56,0,0,0,0,0,0,0,0,0,0,0,0,
0,0,0,0,0,0,0,0,0,55,47,47,47,47,56,0,0,0,0,0,0,0,0,0,0,0,0,0,0,0,
0,0,0,0,0,0,0,0,0,0,0,0,0,0,0,0,0,0,0,0,0,0,0,0,0,0,0,0,0,0,
0,0,0,0,0,0,0,0,0,0,0,0,0,0,0,0,0,0,0,0,0,0,0,0,0,34,0,0,0,0,
0,0,0,0,0,0,0,0,0,0,0,0,0,0,0,0,0,0,0,0,0,0,0,0,0,66,0,0,0,0,
0,0,0,66,0,0,0,0,0,0,0,0,0,0,0,0,0,0,0,0,0,0,66,0,0,0,0,0,0,0,
0,0,0,0,0,34,0,0,0,0,0,0,0,0,0,0,0,0,0,66,0,0,0,0,0,0,0,0,0,0,
0,0,0,0,0,66,0,0,0,0,0,0,0,0,0,0,0,0,0,0,0,0,0,0,0,0,0,0,0,0,
0,0,0,0,0,0,0,0,0,0,0,0,0,0,34,0,0,0,0,0,0,0,0,0,0,0,0,0,0,0,
0,0,0,0,0,0,0,66,0,0,0,0,53,45,45,45,54,0,0,0,0,0,0,0,0,0,0,0,0,0,
0,0,0,0,0,0,0,0,0,0,53,45,52,65,65,65,51,45,54,0,0,0,0,0,0,0,0,0,0,0,
0,0,0,0,0,0,0,0,53,45,52,65,65,65,65,65,65,65,51,45,54,0,0,0,0,0,0,0,0,0,
0,0,34,0,0,0,0,0,46,65,65,65,65,65,65,65,65,65,65,65,48,0,0,0,0,0,0,0,0,0,
36,36,36,36,36,36,36,36,52,65,65,65,65,65,65,65,65,65,65,65,51,36,36,36,36,36,36,36,36,36,
12
100
1600
320
100
192
384
100
448
640
100
1216
448
101
960
640
103
704
320
103
1600
512
103
192
576
104
1280
832
104
1088
768
104
640
768
104
512
832
