29,2,2,2,2,2,2,2,2,2,2,2,29,2,2,2,2,2,2,2,2,2,2,29,2,2,2,2,2,29,
1,0,0,0,0,0,0,0,0,0,0,0,1,33,0,0,0,0,0,0,0,0,0,1,0,0,0,0,0,1,
1,0,0,0,0,0,0,0,0,0,0,0,21,7,0,0,0,0,0,0,0,0,0,10,0,0,0,0,0,1,
1,0,0,0,0,0,0,0,0,0,0,0,0,0,0,0,0,0,0,0,0,0,0,0,0,0,0,0,33,1,
1,0,0,0,0,0,0,0,0,0,0,0,0,0,0,0,0,0,0,0,0,0,0,0,0,0,0,0,8,28,
1,0,0,0,0,0,0,0,0,0,0,0,0,0,0,0,0,0,0,0,0,0,0,0,0,0,0,0,0,1,
1,0,0,0,0,0,0,0,0,0,0,0,0,0,0,0,0,0,0,0,0,0,0,0,0,0,0,0,0,1,
1,0,0,0,0,0,0,0,0,0,0,0,0,0,0,0,0,0,0,0,0,0,0,0,0,0,0,0,0,10,
1,0,0,0,0,0,0,33,0,0,0,0,0,0,0,0,0,0,0,0,0,0,0,0,0,0,0,0,0,0,
1,0,0,0,0,0,8,2,2,2,7,0,0,0,0,0,0,0,0,0,0,0,0,0,0,0,0,0,0,0,
10,0,0,0,0,0,0,0,0,0,0,0,0,0,0,0,0,0,0,0,0,0,0,0,0,0,0,0,0,0,
0,0,0,0,0,0,0,0,0,0,0,0,0,0,0,0,0,8,2,2,2,2,7,0,0,0,0,0,0,0,
0,0,0,0,0,0,0,0,0,0,0,0,0,0,0,0,0,0,0,0,0,0,0,0,0,0,0,0,0,0,
0,0,0,0,0,0,0,0,0,0,0,0,0,0,0,0,0,0,0,0,0,0,0,0,0,0,0,0,0,0,
0,0,0,0,0,0,0,0,0,0,0,33,19,11,11,11,11,11,11,20,0,0,0,0,0,0,0,0,0,0,
0,0,0,0,0,0,0,0,0,0,0,19,18,31,31,31,31,31,31,17,20,0,0,0,0,0,33,0,0,0,
2,2,2,2,2,2,2,2,2,2,2,18,31,31,31,31,31,31,31,31,17,2,20,0,0,19,2,2,2,2,
5
101
1216
576
101
832
768
101
512
448
103
1472
192
103
512
640
