2,2,29,2,2,2,2,29,2,2,2,2,2,2,2,2,2,2,2,2,2,2,2,2,2,2,2,2,2,2,
0,0,10,0,0,0,0,1,0,0,0,0,0,0,0,0,0,0,0,0,0,0,0,0,0,0,0,0,0,0,
0,0,0,0,0,0,0,1,0,0,0,0,0,33,0,0,0,0,0,0,0,0,0,0,0,0,0,0,0,0,
0,0,0,0,0,0,0,27,7,0,0,0,0,9,0,0,0,0,0,0,0,0,0,0,0,0,0,0,0,0,
0,0,0,0,0,0,0,1,0,0,0,0,0,1,0,0,0,0,0,0,0,0,0,0,0,0,0,0,0,0,
0,0,0,0,0,0,0,1,0,0,0,0,0,1,0,0,0,0,0,0,0,0,0,0,0,0,0,0,0,0,
0,0,0,0,0,0,0,1,0,0,0,0,8,28,0,0,32,0,0,0,0,0,0,0,0,0,0,0,0,0,
0,0,0,0,0,0,0,27,7,0,0,0,0,1,0,0,0,0,0,0,0,0,0,0,0,0,0,0,0,0,
0,0,0,0,0,0,0,1,0,0,0,0,0,1,0,0,0,0,32,0,0,0,0,0,0,0,0,0,0,0,
0,0,0,0,0,0,0,1,0,0,0,0,0,1,0,0,0,0,0,0,0,0,0,0,0,0,0,0,0,0,
0,0,0,0,0,0,0,1,33,0,0,0,8,28,0,0,0,0,0,0,32,0,0,0,0,0,0,0,0,0,
0,0,0,0,0,0,0,27,7,0,0,0,0,1,0,0,0,0,0,0,0,0,0,0,0,0,0,0,0,0,
0,0,0,0,0,0,0,10,0,0,0,0,0,1,0,0,0,0,0,0,0,0,32,0,0,0,0,0,0,0,
0,0,0,0,0,0,0,0,0,0,0,0,0,1,0,0,0,0,0,0,0,0,0,0,0,0,0,0,0,0,
0,0,0,0,0,0,0,0,0,0,0,0,8,28,0,0,0,0,0,0,0,0,0,0,0,0,0,0,0,0,
0,0,0,0,33,0,0,0,0,0,0,0,0,1,0,0,0,0,0,0,0,0,0,0,0,33,0,0,0,0,
2,2,2,2,2,2,2,2,2,2,2,2,2,22,0,0,0,0,0,0,0,0,0,0,8,2,2,2,2,2,
5
101
1728
896
103
128
128
101
640
576
101
640
320
101
1152
832
