2,2,2,2,2,2,2,2,2,2,2,2,2,2,2,2,2,2,2,2,2,2,2,29,2,2,2,2,2,2,
0,0,0,0,0,0,0,0,0,0,0,0,0,0,0,0,0,0,0,0,0,0,0,1,0,0,0,0,0,0,
0,0,0,0,0,0,0,0,0,0,0,0,0,0,0,0,0,0,0,0,0,0,0,21,7,0,0,0,0,0,
0,0,0,0,0,0,0,0,0,0,0,0,0,0,0,0,0,0,0,0,0,0,0,0,0,0,0,0,0,0,
0,0,0,0,0,0,0,0,0,0,0,0,0,0,0,0,0,0,0,0,0,0,0,0,0,0,0,0,0,0,
0,0,0,0,0,0,0,0,0,0,0,0,0,0,0,33,0,0,0,0,0,0,0,0,0,0,0,0,0,0,
0,0,0,0,0,0,0,0,0,0,0,0,0,8,2,7,0,0,0,0,0,0,0,0,0,0,0,0,0,0,
0,0,0,0,0,0,0,0,0,0,0,0,0,0,0,0,0,0,0,0,0,0,0,0,0,0,0,0,0,0,
0,0,0,0,0,0,0,0,33,0,0,0,0,0,0,0,0,0,0,0,0,0,0,0,0,0,0,0,0,0,
0,0,0,0,0,0,0,0,19,11,20,0,0,0,0,0,0,0,0,0,0,0,0,0,0,0,0,0,0,0,
0,0,0,0,0,0,0,19,18,31,17,20,0,0,0,0,0,0,0,0,0,0,0,0,0,0,0,0,0,0,
0,0,0,0,0,0,19,18,31,31,31,17,20,0,0,0,0,0,0,0,0,0,0,0,0,0,0,0,0,0,
0,0,0,0,0,19,18,31,31,31,31,31,17,20,0,0,0,0,0,0,0,0,0,0,0,0,0,0,0,0,
0,0,0,0,19,18,31,31,31,31,31,31,31,17,20,0,0,0,0,0,0,0,0,0,0,0,0,0,0,0,
0,0,0,19,18,31,31,31,31,31,31,31,31,31,17,20,0,0,0,0,0,0,0,0,0,0,0,0,0,0,
0,0,19,18,31,31,31,31,31,31,31,31,31,31,31,17,20,0,0,0,0,0,0,0,0,33,0,0,0,0,
2,2,18,31,31,31,31,31,31,31,31,31,31,31,31,31,17,2,2,2,2,2,2,2,2,2,2,2,2,2,
3
101
896
256
101
1344
512
103
896
448
