36,36,36,36,36,36,36,36,36,36,36,63,63,36,36,36,36,36,36,36,36,36,63,36,36,36,36,36,36,36,
0,0,0,0,0,0,0,0,0,0,0,35,35,0,0,0,0,0,0,0,0,0,35,0,0,0,0,0,0,0,
0,0,0,0,0,0,0,0,0,0,0,35,35,0,0,0,0,0,0,0,0,0,35,0,0,0,0,0,0,0,
0,0,0,0,0,0,0,0,0,0,42,56,35,0,0,0,0,0,0,42,36,36,56,0,0,0,0,0,0,0,
0,0,0,0,0,0,0,0,0,0,0,0,55,36,41,0,0,0,0,0,0,0,0,0,0,0,0,0,0,0,
0,0,0,0,0,0,0,0,0,0,0,0,0,0,0,0,0,0,0,0,0,0,0,0,0,0,0,0,0,0,
0,0,0,0,0,0,0,0,0,0,0,0,0,0,0,0,0,0,0,0,0,0,0,0,0,0,0,0,0,0,
0,0,0,0,0,0,0,0,0,0,0,0,0,0,0,0,0,0,0,0,0,0,0,0,0,0,0,0,0,0,
0,0,0,0,0,0,0,0,0,0,0,0,0,0,0,0,0,0,0,0,0,0,0,0,0,0,0,0,0,0,
0,0,0,0,0,0,0,0,0,0,0,0,0,0,0,0,0,0,0,0,0,0,0,0,0,0,0,0,0,0,
0,0,0,0,0,0,0,0,0,43,0,0,0,0,0,43,0,0,0,0,0,43,0,0,0,0,0,43,0,0,
0,0,0,0,0,0,0,0,0,35,0,0,0,0,0,35,0,0,0,0,0,35,0,0,0,0,0,35,0,0,
0,0,0,0,0,0,0,0,0,35,0,0,0,0,0,35,0,0,0,0,0,35,0,0,0,0,0,35,0,0,
0,0,0,0,0,0,43,0,0,35,0,0,43,0,0,35,0,0,43,0,0,35,0,0,43,0,0,35,0,0,
0,0,0,0,0,0,35,0,0,35,0,0,35,0,0,35,0,0,35,0,0,35,0,0,35,0,0,35,0,0,
0,0,0,0,0,0,35,0,0,35,0,0,35,0,0,35,0,0,35,0,0,35,0,0,35,0,0,35,0,0,
36,36,36,41,0,42,62,0,42,62,0,42,62,0,42,62,0,42,62,0,42,62,0,42,62,0,42,62,0,42,
12
101
768
704
101
1152
704
101
1536
704
100
576
512
100
960
512
100
1344
512
100
1728
512
104
1280
128
103
832
320
104
64
960
103
640
256
103
1408
256
