36,36,36,36,36,36,36,36,36,36,36,36,36,36,36,36,36,36,36,36,36,36,36,36,36,36,36,36,36,36,
0,0,0,0,0,0,0,0,0,0,0,0,0,0,0,0,0,0,0,0,0,0,0,0,0,0,0,0,0,0,
0,0,0,0,0,0,0,0,0,0,0,0,0,0,0,0,0,0,0,0,0,0,0,0,0,0,0,0,0,0,
0,0,0,0,0,0,0,0,0,0,0,0,0,0,0,0,0,0,0,0,0,0,0,0,0,0,0,0,0,0,
0,0,0,0,0,0,0,0,0,0,0,0,0,0,0,0,0,0,0,0,0,0,0,0,0,0,0,0,0,0,
0,0,0,0,0,0,0,0,0,0,0,0,0,0,0,0,0,0,0,0,0,0,0,0,0,0,0,0,0,0,
0,0,0,0,0,0,0,0,0,0,0,0,0,0,0,0,0,0,0,0,0,0,0,0,0,0,0,0,0,0,
0,0,0,0,0,0,0,0,0,0,0,0,0,0,0,66,0,0,0,0,0,0,0,0,0,0,0,0,0,0,
0,0,0,0,0,0,0,0,0,0,0,0,0,0,0,0,0,0,0,0,0,0,0,0,0,0,0,0,0,0,
0,0,0,0,0,0,0,0,0,0,0,0,0,66,0,0,0,66,0,0,0,0,0,0,0,0,0,0,0,0,
0,0,0,0,0,0,0,0,0,0,0,34,0,0,0,0,0,0,0,34,0,0,0,0,0,0,0,0,0,0,
0,0,0,0,0,0,0,0,0,0,0,66,0,0,0,0,0,0,0,66,0,0,0,0,0,0,0,0,0,0,
0,0,0,0,0,53,36,36,41,0,0,0,0,0,0,0,0,0,0,0,0,42,36,36,54,0,0,0,0,0,
0,0,0,0,42,56,0,0,0,0,0,0,0,0,0,0,0,0,0,0,0,0,0,0,55,41,0,0,0,0,
0,0,0,0,0,0,0,0,0,0,0,0,0,0,0,0,0,0,0,0,0,0,0,0,0,0,0,0,0,0,
0,0,34,0,0,0,0,0,0,0,0,0,0,0,0,0,0,0,0,34,0,0,0,0,0,0,0,0,0,0,
36,36,36,36,36,41,0,0,0,0,0,42,41,0,0,0,0,0,42,41,0,0,0,0,0,42,36,36,36,36,
8
100
448
640
100
960
320
100
1408
640
101
768
896
101
1152
896
103
960
512
104
448
704
104
1408
704
