36,36,36,36,36,36,36,36,36,36,36,36,63,36,36,36,36,36,36,36,36,36,63,36,36,36,36,36,36,36,
0,0,0,0,0,0,0,0,0,0,0,0,35,0,0,0,0,0,0,0,0,0,35,0,0,0,0,0,0,0,
0,0,0,0,0,0,0,0,0,0,0,0,35,0,0,0,0,0,0,0,0,0,35,0,0,0,0,0,0,0,
0,0,0,0,34,0,0,0,0,0,0,0,35,0,0,0,0,0,0,0,43,0,35,0,0,0,0,0,0,0,
42,41,0,0,66,0,0,0,0,0,0,0,44,0,0,0,0,66,0,0,46,0,35,0,0,0,0,0,0,0,
0,0,0,0,0,0,0,0,0,0,0,0,0,0,0,0,0,0,0,0,46,0,35,0,0,0,0,0,0,0,
0,0,0,0,0,0,0,0,0,0,0,0,0,0,0,0,0,0,34,0,46,0,35,0,0,0,0,0,0,0,
0,0,0,0,0,0,66,0,0,0,0,0,0,0,0,0,0,0,66,0,46,0,35,0,0,0,0,0,0,0,
0,0,0,0,0,0,0,0,0,0,0,0,0,0,0,0,0,0,0,0,46,0,35,0,0,0,0,0,0,0,
0,0,0,0,0,0,0,0,0,0,0,0,0,0,0,0,0,0,0,0,46,0,35,0,0,0,0,0,0,0,
0,0,0,0,0,0,0,0,66,0,0,0,0,0,0,0,0,66,0,0,46,0,35,0,0,0,0,0,0,0,
0,0,0,0,0,0,0,0,0,0,0,0,0,0,0,0,0,0,0,0,46,0,35,0,0,0,0,0,0,0,
0,0,0,0,0,0,0,0,0,0,0,0,0,0,0,0,0,0,0,0,46,0,35,0,0,0,0,0,0,0,
0,0,0,0,0,0,0,0,0,0,66,0,0,0,0,0,0,0,66,0,46,0,35,0,0,0,0,0,0,0,
0,0,0,0,0,0,0,0,0,0,0,0,0,0,0,0,0,0,0,0,46,0,44,0,0,0,0,0,0,0,
0,0,0,0,0,34,0,0,0,0,0,0,0,0,0,0,0,0,0,0,46,0,0,0,0,0,0,0,0,0,
36,36,36,36,36,36,36,36,36,36,36,36,36,36,36,36,36,36,36,36,64,36,36,36,36,36,36,36,36,36,
9
100
512
512
101
1344
256
101
1344
448
101
1344
640
101
1344
832
100
0
128
104
832
960
103
384
512
103
1088
320
